    113.094500     14.708460    -34.302430
    113.098000     14.700000    -26.481750
    113.100000     14.695320    -23.296450
    113.102200     14.690000    -19.933230
    113.106400     14.680000    -21.206960
    113.110000     14.671440    -24.223830
    113.110600     14.670000    -24.874410
    113.114800     14.660000    -27.529910
    113.119000     14.650000    -29.674010
    113.120000     14.647560    -30.030630
    113.123200     14.640000    -30.959030
    113.127300     14.630000    -31.325290
    113.130000     14.623670    -31.785300
    113.131500     14.620000    -31.602630
    113.135700     14.610000    -32.564050
    113.139900     14.600000    -36.712290
    113.140000     14.599790    -36.878450
    113.144100     14.590000    -44.983170
    113.148300     14.580000    -53.695890
    113.150000     14.575900    -59.142820
    113.152500     14.570000    -66.019260
    113.156700     14.560000    -76.858330
    113.160000     14.552020    -81.403220
    113.160800     14.550000    -83.140990
    113.165000     14.540000    -91.126110
    113.169200     14.530000    -94.011980
    113.170000     14.528130    -92.859600
    113.173400     14.520000    -86.648910
    113.177600     14.510000    -70.714400
    113.180000     14.504250    -55.119780
    113.181800     14.500000    -44.843230
    113.186000     14.490000    -11.347620
    113.190000     14.480360     28.303150
    113.190200     14.480000     29.733490
    113.194300     14.470000     70.788590
    113.198500     14.460000    108.284800
    113.200000     14.456480    118.561100
    113.202700     14.450000    134.916600
    113.206900     14.440000    154.452400
    113.210000     14.432600    165.225900
    113.211100     14.430000    169.393700
    113.215300     14.420000    198.937700
    113.219500     14.410000    194.006400
    113.220000     14.408710    192.726900
    113.223600     14.400000    183.274300
    113.227800     14.390000    167.988000
    113.230000     14.384830    166.725000
    113.232000     14.380000    166.265900
    113.236200     14.370000    170.622900
    113.240000     14.360940    172.249500
    113.240400     14.360000    172.415700
    113.244600     14.350000    179.276800
    113.248800     14.340000    182.635600
    113.250000     14.337060    182.683100
    113.253000     14.330000    181.581400
    113.257100     14.320000    174.444400
    113.260000     14.313170    170.433100
    113.261300     14.310000    168.087700
    113.265500     14.300000    152.701800
    113.269700     14.290000    140.996600
    113.270000     14.289290    140.041900
    113.273900     14.280000    126.491900
    113.278100     14.270000    109.601100
    113.280000     14.265410    101.242600
    113.282300     14.260000     90.946190
    113.286500     14.250000     70.808140
    113.290000     14.241520     58.994960
    113.290600     14.240000     56.912310
    113.294800     14.230000     47.074420
    113.299000     14.220000     41.178880
    113.300000     14.217640     39.697430
    113.303200     14.210000     34.916520
    113.307400     14.200000     33.273470
    113.310000     14.193750     34.705520
    113.311600     14.190000     35.709270
    113.315800     14.180000     34.411560
    113.319900     14.170000     30.199790
    113.320000     14.169870     30.089990
    113.324100     14.160000     21.055940
    113.328300     14.150000      5.515434
    113.330000     14.145980      5.689006
    113.332500     14.140000      5.167251
    113.336700     14.130000     -5.039614
    113.340000     14.122100     13.804190
    113.340900     14.120000     19.721670
    113.345100     14.110000     15.281930
    113.349300     14.100000     17.241230
    113.350000     14.098220     18.712720
    113.353400     14.090000     23.535540
    113.357600     14.080000     32.671710
    113.360000     14.074330     31.085650
    113.361800     14.070000     27.785460
    113.366000     14.060000     49.556620
    113.370000     14.050450     52.559050
    113.370200     14.050000     53.833940
    113.374400     14.040000     98.597270
    113.378600     14.030000    103.454600
    113.380000     14.026560    117.200900
    113.382700     14.020000    130.861000
    113.386900     14.010000    154.785400
    113.390000     14.002680    141.982300
    113.391100     14.000000    137.861300
    113.395300     13.990000    126.479500
    113.399500     13.980000    143.563000
    113.400000     13.978790    143.665000
    113.403700     13.970000    141.073100
    113.407900     13.960000    128.379900
    113.410000     13.954910    136.751100
    113.412100     13.950000    132.589800
    113.416200     13.940000    132.297100
    113.420000     13.931020    130.297100
    113.420400     13.930000    129.232700
    113.424600     13.920000    106.109200
    113.428800     13.910000    100.647200
    113.430000     13.907140    102.085500
    113.433000     13.900000    105.462500
    113.437200     13.890000     94.729640
    113.440000     13.883260     89.190670
    113.441400     13.880000     82.743260
    113.445500     13.870000     51.701480
    113.449700     13.860000     51.994280
    113.450000     13.859370     49.655240
    113.453900     13.850000     12.505060
    113.458100     13.840000      6.093124
    113.460000     13.835490    -10.524200
    113.462300     13.830000    -27.175800
    113.466500     13.820000    -33.363320
    113.470000     13.811600    -32.192670
    113.470700     13.810000    -32.261600
    113.474900     13.800000    -38.044620
    113.479000     13.790000    -29.611950
    113.480000     13.787720    -24.931180
    113.483200     13.780000     -8.404859
    113.487400     13.770000     10.316820
    113.490000     13.763830     19.746520
    113.491600     13.760000     25.792720
    113.495800     13.750000     36.434860
    113.500000     13.740000     43.653860
    113.500000     13.739950     43.668460
    113.504200     13.730000     45.241470
    113.508400     13.720000     45.524960
    113.510000     13.716070     45.292360
    113.512500     13.710000     44.760880
    113.516700     13.700000     43.650870
    113.520000     13.692180     40.317150
    113.520900     13.690000     39.079790
    113.525100     13.680000     30.471870
    113.529300     13.670000     17.024590
    113.530000     13.668300     14.040910
    113.533500     13.660000     -1.115449
    113.537700     13.650000    -21.517310
    113.540000     13.644410    -32.544210
    113.541800     13.640000    -40.798130
    113.546000     13.630000    -53.254910
    113.550000     13.620530    -57.421130
    113.550200     13.620000    -57.597800
    113.554400     13.610000    -53.382600
    113.558600     13.600000    -47.651810
    113.560000     13.596640    -45.218870
    113.562800     13.590000    -40.805590
    113.567000     13.580000    -37.334530
    113.570000     13.572760    -38.426360
    113.571200     13.570000    -38.979980
    113.575300     13.560000    -46.300420
    113.579500     13.550000    -55.887070
    113.580000     13.548880    -56.835750
    113.583700     13.540000    -64.890850
    113.587900     13.530000    -66.756620
    113.590000     13.524990    -63.117110
    113.592100     13.520000    -58.284490
    113.596300     13.510000    -42.012280
    113.600000     13.501110    -25.770490
    113.600500     13.500000    -23.632290
    113.604700     13.490000    -10.436230
    113.608800     13.480000     -2.428442
    113.610000     13.477220      -.710476
    113.613000     13.470000      5.233670
    113.617200     13.460000     11.318700
    113.620000     13.453340     13.511650
    113.621400     13.450000     14.610100
    113.625600     13.440000     16.320430
    113.629800     13.430000     34.158440
    113.630000     13.429450     34.345570
    113.634000     13.420000     35.964130
    113.638100     13.410000     33.194420
    113.640000     13.405570     32.538760
    113.642300     13.400000     31.258450
    113.646500     13.390000     25.916720
    113.650000     13.381690     24.168060
    113.650700     13.380000     23.937580
    113.654900     13.370000     29.819330
    113.659100     13.360000     37.111250
    113.660000     13.357800     38.573180
    113.663300     13.350000     44.432570
    113.667400     13.340000     50.185310
    113.670000     13.333920     55.261690
    113.671600     13.330000     57.195650
    113.675800     13.320000     58.550570
    113.680000     13.310030     60.241470
    113.680000     13.310000     60.238750
    113.684200     13.300000     58.203350
    113.688400     13.290000     53.285380
    113.690000     13.286150     50.285940
    113.692600     13.280000     45.895690
    113.696800     13.270000     38.921090
    113.700000     13.262260     34.833700
    113.701000     13.260000     34.261880
    113.705100     13.250000     33.846110
    113.709300     13.240000     38.424980
    113.710000     13.238380     39.981810
    113.713500     13.230000     49.930770
    113.717700     13.220000     66.702000
    113.720000     13.214490     77.627170
    113.721900     13.210000     85.742110
    113.726100     13.200000    101.280400
    113.730000     13.190610    109.092800
    113.730300     13.190000    109.358200
    113.734400     13.180000    103.978000
    113.738600     13.170000     92.658550
    113.740000     13.166730     86.709680
    113.742800     13.160000     72.710760
    113.747000     13.150000     51.460380
    113.750000     13.142840     38.723370
    113.751200     13.140000     33.906880
    113.755400     13.130000     24.327050
    113.759600     13.120000     26.363480
    113.760000     13.118960     26.684430
    113.763700     13.110000     26.292940
    113.767900     13.100000     25.924140
    113.770000     13.095070     26.135680
    113.772100     13.090000     26.095860
    113.776300     13.080000     26.535870
    113.780000     13.071190     28.562840
    113.780500     13.070000     28.899600
    113.784700     13.060000     31.523310
    113.788900     13.050000     35.495870
    113.790000     13.047300     36.019240
    113.793100     13.040000     39.999290
    113.797200     13.030000     50.237430
    113.800000     13.023420     55.859500
    113.801400     13.020000     58.325960
    113.805600     13.010000     64.322770
    113.809800     13.000000     77.619780
    113.810000     12.999540     77.812190
    113.814000     12.990000     79.655940
    113.818200     12.980000     81.506880
    113.820000     12.975650     78.490910
    113.822400     12.970000     72.338870
    113.826600     12.960000     62.996230
    113.830000     12.951770     49.799150
    113.830700     12.950000     46.892140
    113.834900     12.940000     29.460380
    113.839100     12.930000     10.210340
    113.840000     12.927880      5.753891
    113.843300     12.920000    -10.717900
    113.847500     12.910000    -29.842580
    113.850000     12.904000    -39.978210
    113.851700     12.900000    -45.962860
    113.855900     12.890000    -57.298000
    113.860000     12.880110    -63.568680
    113.860000     12.880000    -63.620320
    113.864200     12.870000    -63.196970
    113.868400     12.860000    -58.358360
    113.870000     12.856230    -55.517040
    113.872600     12.850000    -50.776880
    113.876800     12.840000    -42.731310
    113.880000     12.832350    -37.846040
    113.881000     12.830000    -36.496520
    113.885200     12.820000    -32.204830
    113.889400     12.810000    -30.573140
    113.890000     12.808460    -30.547900
    113.893500     12.800000    -30.897480
    113.897700     12.790000    -31.926090
    113.900000     12.784580    -32.521810
    113.901900     12.780000    -33.066020
    113.906100     12.770000    -34.263460
    113.910000     12.760690    -32.013640
    113.910300     12.760000    -31.749020
    113.914500     12.750000    -26.973950
    113.918700     12.740000    -22.159090
    113.920000     12.736810    -20.917240
    113.922900     12.730000    -18.286480
    113.927000     12.720000    -15.310500
    113.930000     12.712920    -13.639570
    113.931200     12.710000    -12.966280
    113.935400     12.700000     -9.785564
    113.939600     12.690000     -1.266208
    113.940000     12.689040       .136868
    113.943800     12.680000     11.721670
    113.948000     12.670000     23.464460
    113.950000     12.665160     30.047340
    113.952200     12.660000     37.584990
    113.956300     12.650000     52.747650
    113.960000     12.641270     64.125500
    113.960500     12.640000     66.171420
    113.964700     12.630000     75.462490
    113.968900     12.620000     76.371360
    113.970000     12.617390     79.020870
    113.973100     12.610000     89.968420
    113.977300     12.600000    100.852100
    113.980000     12.593500    109.605200
    113.981500     12.590000    110.084700
    113.985700     12.580000     93.411130
    113.989800     12.570000     87.213470
    113.990000     12.569620     86.983420
    113.994000     12.560000     73.158060
    113.998200     12.550000     51.397720
    114.000000     12.545730     44.981070
    114.002400     12.540000     35.493000
    114.006600     12.530000     21.183090
    114.010000     12.521850      9.782084
    114.010800     12.520000      7.742285
    114.015000     12.510000       .468059
    114.019100     12.500000       .365242
    114.020000     12.497960      1.902949
    114.023300     12.490000     11.764510
    114.027500     12.480000     16.191930
    114.030000     12.474080     17.185910
    114.031700     12.470000     17.825730
    114.035900     12.460000     18.756820
    114.040000     12.450200     20.307030
    114.040100     12.450000     20.325910
    114.044300     12.440000     23.269010
    114.048500     12.430000     28.213100
    114.050000     12.426310     30.365920
    114.052600     12.420000     34.528750
    114.056800     12.410000     40.662850
    114.060000     12.402430     45.801690
    114.061000     12.400000     47.470710
    114.065200     12.390000     52.775240
    114.069400     12.380000     56.948600
    114.070000     12.378540     57.303650
    114.073600     12.370000     59.472910
    114.077800     12.360000     61.946980
    114.080000     12.354660     61.702870
    114.081900     12.350000     61.311510
    114.086100     12.340000     61.400400
    114.090000     12.330770     61.400220
    114.090300     12.330000     61.296830
    114.094500     12.320000     60.787620
    114.098700     12.310000     61.076750
    114.100000     12.306890     60.696160
    114.102900     12.300000     59.711140
    114.107100     12.290000     55.156250
    114.110000     12.283010     49.241190
    114.111300     12.280000     47.156530
    114.115400     12.270000     40.211330
    114.119600     12.260000     32.735590
    114.120000     12.259120     32.088700
    114.123800     12.250000     26.372580
    114.128000     12.240000     21.038520
    114.130000     12.235240     19.334310
    114.132200     12.230000     17.162690
    114.136400     12.220000     13.100480
    114.140000     12.211350     10.845840
    114.140600     12.210000     10.397150
    114.144800     12.200000      7.980093
    114.148900     12.190000      6.805558
    114.150000     12.187470      6.412039
    114.153100     12.180000      5.455946
    114.157300     12.170000      3.610278
    114.160000     12.163580      1.539822
    114.161500     12.160000       .487213
    114.165700     12.150000      -.508359
    114.169900     12.140000      1.552551
    114.170000     12.139700      1.507515
    114.174100     12.130000     -1.722987
    114.178200     12.120000     -1.918033
    114.180000     12.115820     -2.618131
    114.182400     12.110000     -3.573293
    114.186600     12.100000      -.975714
    114.190000     12.091930     -2.543397
    114.190800     12.090000     -2.951199
    114.195000     12.080000     -4.874754
    114.199200     12.070000     -7.011243
    114.200000     12.068050     -6.854830
    114.203400     12.060000     -5.184831
    114.207600     12.050000       .390984
    114.210000     12.044160      5.211214
    114.211700     12.040000      9.191018
    114.215900     12.030000     18.896250
    114.220000     12.020280     29.429560
    114.220100     12.020000     29.751940
    114.224300     12.010000     39.865750
    114.228500     12.000000     48.971080
    114.230000     11.996390     51.744900
    114.232700     11.990000     56.641170
    114.236900     11.980000     71.600830
    114.240000     11.972510     77.697580
    114.241100     11.970000     79.654500
    114.245200     11.960000     88.631530
    114.249400     11.950000     97.650630
    114.250000     11.948620     98.904630
    114.253600     11.940000    106.229700
    114.257800     11.930000    114.280900
    114.260000     11.924740    117.975200
    114.262000     11.920000    121.128200
    114.266200     11.910000    125.749500
    114.270000     11.900860    128.235600
    114.270400     11.900000    128.444800
    114.274500     11.890000    128.902900
    114.278700     11.880000    126.751500
    114.280000     11.876970    126.286200
    114.282900     11.870000    125.747200
    114.287100     11.860000    118.057800
    114.290000     11.853090    107.028300
    114.291300     11.850000    101.743300
    114.295500     11.840000     83.855900
    114.299700     11.830000     65.643940
    114.300000     11.829200     64.200830
    114.303900     11.820000     47.817440
    114.308000     11.810000     30.299130
    114.310000     11.805320     22.154540
    114.312200     11.800000     13.027970
    114.316400     11.790000     -1.750444
    114.320000     11.781440    -15.654950
    114.320600     11.780000    -17.937920
    114.324800     11.770000    -32.954710
    114.329000     11.760000    -47.737560
    114.330000     11.757550    -51.139780
    114.333200     11.750000    -61.508130
    114.337300     11.740000    -74.889930
    114.340000     11.733670    -81.793870
    114.341500     11.730000    -85.583120
    114.345700     11.720000    -92.894620
    114.349900     11.710000    -99.511730
    114.350000     11.709780    -99.736470
    114.354100     11.700000   -107.820000
    114.358300     11.690000   -108.543200
    114.358500     11.689480   -108.789000
